  5.8043877e-001
  1.7424336e+000
  1.6003524e+000
 -2.6076264e-001
  3.3104937e-002
  1.1425029e+000
  3.5456870e-001
  1.6596440e+000
 -6.8217604e-001
  8.0588761e-001
  5.7038260e-001
  1.9878699e+000
 -1.5283286e+000
  2.0096006e-001
  2.6871532e-001
 -2.8082317e+000
  1.8032072e+000
  3.8085237e+000
 -9.8246855e-002
  5.6869947e-001
 -3.9679527e-001
  6.9366512e-001
 -2.8789729e-001
  6.9263500e-002
  2.2785528e+000
 -8.8828649e-001
 -5.3973533e-001
  1.0248782e-001
  2.9837159e-002
  2.0488267e+000
  2.8092045e+000
 -1.0565227e+000
 -6.2340981e-001
  8.6856310e-001
 -2.8901800e-001
  2.7598647e+000
  2.3013134e+000
  9.1807277e-001
  9.2400559e-001
 -2.3467833e-001
  1.1809228e+000
  1.6482259e+000
  3.8185146e-001
  2.6767331e+000
  1.0614500e+000
  5.8559555e-002
  6.7650965e-001
  1.6086014e+000
 -3.1144977e-001
  9.0221365e-002
  3.2485429e+000
 -4.0876257e-001
  1.4155968e+000
  1.2509476e+000
  2.2410701e+000
  8.7567464e-001
 -2.9666036e+000
 -8.9509197e-001
  8.5733604e-001
  5.3111787e-001
  2.7208093e+000
  2.0064442e+000
  8.3819448e-001
  3.0639778e-001
 -1.7890558e+000
  2.5932719e+000
  3.7216031e-001
 -1.7858763e+000
  7.5656132e-001
  3.3224709e-001
 -5.3262283e-001
  8.3334981e-001
 -7.0881718e-001
 -1.5315695e+000
 -2.0534411e+000
 -2.6732106e-001
 -6.0551684e-001
  7.6538324e-001
 -1.7301775e+000
 -6.7483271e-002
 -1.7333687e+000
  2.5246542e+000
  4.9746016e-002
  1.7750940e+000
  8.3576598e-001
  1.3671112e+000
 -1.2826209e+000
  1.8153593e+000
  2.0658117e+000
 -2.4677127e+000
 -2.6702946e-002
 -6.3761474e-001
  4.0107131e-001
 -8.9213481e-001
  5.5844097e-001
  9.6698078e-001
  5.1434430e-001
  4.7981154e-002
 -1.4562744e+000
  2.7394184e-001
 -4.6915041e-001
 -1.4429398e+000
  1.2777481e-001
 -6.9339200e-002
  4.4675892e-001
  1.4746739e+000
  9.4019907e-001
  1.8773096e+000
 -7.3681030e-001
 -9.1056629e-001
  7.8071779e-002
  1.9767704e+000
  1.8746090e+000
  3.8391328e-002
 -5.6669826e-001
 -1.7533056e+000
  1.0629962e+000
  2.2934402e-001
 -1.3128968e+000
 -2.2977343e-001
 -2.1499778e+000
  7.5233164e-001
 -2.3498649e-002
  2.2953688e+000
 -1.5462169e+000
  1.4466384e+000
  3.8450868e-001
  3.0610623e-001
  1.1205716e+000
  1.7330578e+000
 -1.1758039e+000
  1.8941606e+000
 -1.3542772e+000
 -1.1797256e+000
 -6.6391907e-001
  1.1460028e+000
 -1.1743894e+000
  6.2994936e-001
  7.2907277e-001
  3.9797097e-001
  9.1235896e-001
 -1.3065476e+000
  1.4942685e+000
  3.4581944e-001
  1.1377673e+000
 -1.0633438e+000
  2.6683574e-001
  1.3272968e+000
  1.5026878e+000
  9.1652505e-002
 -2.1809044e+000
 -1.2088917e+000
  4.8083227e-001
  1.2202273e+000
  7.9489380e-001
 -5.8693751e-001
  3.0829838e+000
  2.9293219e-001
  1.3117734e+000
 -3.3397178e-001
 -1.2321639e+000
  1.0802227e+000
  1.5329154e+000
  2.5406731e+000
 -4.7949802e-001
 -1.8911611e+000
  2.2774626e+000
  5.3928979e-001
 -1.2478455e+000
 -5.1827440e-001
 -8.3898042e-001
  1.6913370e+000
  9.6057299e-001
  5.1181502e-001
  5.0889892e-001
 -8.5523637e-001
  1.4756756e+000
  6.4495208e-001
 -1.3543209e-001
 -3.7268023e-002
  6.9319027e-002
 -9.3942755e-001
  1.1523161e+000
  1.9883234e+000
  3.3777825e+000
  8.4729599e-001
 -8.5649540e-001
  4.5816589e-001
 -1.0935824e+000
 -5.8763313e-001
 -6.4645380e-001
 -8.7030245e-001
  6.8578010e-001
 -1.2326835e+000
  1.0570870e+000
  1.2216235e+000
  1.5326824e+000
  1.7375566e-001
  9.9505963e-001
  2.5160770e+000
  2.6807114e-001
 -2.8503954e-002
  2.4767951e+000
 -3.0226166e+000
 -3.8649943e-001
  3.3218765e+000
 -4.0559374e-001
 -5.1975498e-001
 -1.3754259e+000
  1.2185632e+000
 -2.5102676e+000
 -8.2684163e-001
  9.2829269e-001
  1.9814656e-001
  1.0014457e+000
  3.6241619e-001
  1.0745905e+000
 -1.4537157e+000
  4.8013507e-001
 -1.8122918e+000
  1.2061439e+000
 -1.9893427e-001
  1.0417794e+000
 -4.9038932e-001
  6.2215010e-001
  1.5539800e+000
 -2.3429698e+000
 -2.1987036e+000
 -2.1537035e+000
  1.2900363e+000
  7.2047246e-001
 -7.0232112e-001
  2.1255595e+000
  3.7700071e-001
 -1.8383090e+000
 -1.1091161e+000
 -1.5793650e+000
  1.4265738e+000
 -5.7215303e-001
 -1.3053210e+000
 -5.4131161e-001
 -8.7441446e-001
  1.2956592e+000
  8.1314300e-001
  5.8833717e-001
  7.3407419e-001
  2.5520217e-001
 -1.0188240e+000
  8.9570854e-001
 -8.5475835e-001
 -1.1768870e+000
 -1.1796957e+000
  1.3169608e+000
  1.4601834e+000
 -2.0592521e+000
  9.7672981e-003
  5.2362503e-001
 -5.8405325e-001
  1.1774963e+000
  5.2682061e-001
  3.6815874e-003
 -5.1600723e-001
  1.0696449e+000
  1.2909423e+000
  8.0283599e-001
 -1.0800518e-001
  1.3830272e+000
 -9.6491022e-001
  3.8553732e-001
  1.9937199e+000
 -4.3672469e-002
 -8.8392683e-001
  2.6963914e+000
 -1.1717646e-001
  7.6727008e-001
 -8.3225764e-001
  5.6944101e-001
  7.9989560e-001
  2.0585949e-001
  6.1887065e-001
  1.7473197e+000
 -1.6036194e+000
  4.6405117e-001
 -2.3577373e+000
  2.3649194e-001
  2.6797919e+000
  1.4089121e+000
  1.9110538e-001
 -2.3447926e-001
  8.7856969e-001
  1.5576121e+000
  2.1893466e-001
  2.2741984e+000
 -8.4798467e-001
 -2.3661681e+000
 -7.6106927e-001
 -5.6010650e-002
 -2.7881899e-001
 -8.8846796e-001
  1.9177134e+000
 -1.8761971e+000
 -4.3175114e-001
 -1.0450904e+000
 -4.0900265e-001
 -6.5570293e-001
  8.1448341e-001
 -1.1372634e+000
 -8.5415569e-001
  3.2990333e-001
  1.5924008e+000
 -2.1821834e+000
  2.5118243e+000
 -9.2829222e-001
  1.0320278e+000
  1.5481907e+000
  1.8995442e+000
 -4.6455962e-001
  2.3123312e-001
 -8.5640254e-003
 -5.7798575e-001
  5.4901751e-001
  6.6068580e-001
 -2.5255697e-001
  3.7001941e-001
  3.6342780e+000
  1.9028120e-001
  1.1124006e+000
 -3.9414257e-001
 -4.7807144e-001
 -2.4417153e-001
  9.2518759e-001
 -8.2959567e-001
 -2.1801532e+000
  2.6835721e-001
 -3.6058550e-001
  5.5967611e-001
  3.0867823e-001
  1.1365704e+000
  1.3570383e+000
 -1.5028132e+000
 -1.7583570e+000
  8.4538730e-001
  5.9356691e-001
 -1.0063735e+000
  1.7894718e+000
  2.4240457e-001
  3.5872638e-001
  5.5188150e-001
  1.1687435e+000
  2.1582525e+000
 -1.3651396e-001
 -2.0231032e+000
  1.5018185e+000
 -9.9169860e-001
  1.7975363e+000
 -5.5721194e-001
  2.1158430e+000
 -8.3529761e-001
 -1.2291594e+000
  1.4292111e+000
 -1.5508715e+000
  1.0742272e+000
  7.6239463e-001
  1.5969504e-002
 -2.3870645e-001
  2.8433056e+000
 -2.8109896e-001
 -4.4320431e-002
 -1.0058236e+000
 -8.4491133e-001
 -5.4967186e-001
  2.3959251e+000
 -3.0150334e-001
 -6.8640501e-001
 -3.7574992e-001
  1.1176330e+000
 -1.4900874e+000
  1.0055529e+000
 -1.5100792e+000
  3.1922506e-002
 -2.1466906e+000
  8.8840487e-001
  1.0900008e+000
 -6.8317365e-001
  6.0793345e-001
  4.0917477e-001
  1.6889113e+000
  3.6491745e-001
  1.5352081e+000
  5.0004753e-002
 -6.3275246e-001
  1.5121226e-001
 -5.6037366e-002
  1.3325255e+000
  1.2788164e-001
 -8.8059089e-001
  1.0994886e-003
  1.7267775e+000
 -3.3295805e-001
 -6.4600855e-001
  1.4639589e+000
  3.3002907e-001
 -2.6590407e-001
 -7.4904153e-001
 -1.7008920e+000
  3.9700958e-001
 -2.0721632e-001
  6.0965791e-001
 -1.6709680e+000
  1.8979272e+000
  8.2582479e-001
 -1.8123679e+000
  1.5578177e+000
 -5.5475735e-001
  5.8821070e-001
  4.8190454e-001
 -9.2806974e-001
 -3.4755345e+000
  8.8793323e-001
 -2.3935488e-001
 -5.6796360e-001
  7.3810312e-001
 -6.8591093e-001
  1.0621605e+000
  3.9383130e-001
 -1.0733722e+000
  1.2749275e+000
  8.0951781e-001
  1.8084362e+000
 -9.4659456e-001
 -9.5000057e-001
  6.0247444e-001
  1.0568196e+000
  1.2637350e+000
  2.0836132e-001
 -1.0300901e-001
  1.0385639e+000
  2.7234877e+000
  1.3362689e+000
  3.0858969e-001
 -5.3797667e-001
  8.4194131e-001
 -4.2184347e-001
  5.0628896e-001
  1.1996779e+000
  1.3872501e+000
  9.5547683e-001
  1.9699886e+000
  2.5779158e+000
 -2.2375945e+000
 -2.0847612e+000
 -9.8515413e-001
 -2.3663838e+000
 -2.5870333e-001
 -2.3211460e-001
  5.2167803e-001
  5.6758162e-001
 -6.8139948e-001
 -8.4472138e-001
  1.2191440e+000
 -2.9061756e-001
 -1.5613436e+000
  2.1324016e-001
  4.6221236e-001
 -3.2797182e-001
  1.0523598e+000
  4.9002241e-001
 -7.3401929e-002
  1.4343657e-001
  7.8854521e-001
 -3.6701089e-001
 -1.1551036e+000
  1.4840011e-004
  3.6589343e-001
  8.5437254e-001
  1.6130563e-001
 -3.8749592e-001
  9.6600698e-001
  5.4170071e-002
  1.2366416e+000
  8.4646292e-002
  1.9191762e-001
  8.2002831e-002
 -9.8335200e-001
 -9.9069080e-001
 -1.0347103e+000
  2.4926554e+000
 -5.7147409e-002
  1.4079806e+000
  6.4849944e-001
  2.5882888e+000
  1.3908455e+000
 -1.3760636e+000
 -2.2034629e-001
  1.3453405e+000
  5.7018108e-001
  3.1096962e+000
  1.3848376e-001
 -1.7934055e+000
  7.7043534e-001
 -9.7125255e-001
  2.6349995e-001
  1.5847750e+000
  5.9586278e-001
  5.8489268e-001
 -5.3331693e-002
  1.1916979e-002
  6.7603071e-002
 -3.3953574e+000
  7.0517111e-001
  1.4719955e+000
 -1.4668397e+000
 -1.7550038e+000
  9.9770347e-001
 -1.7364478e+000
 -1.9572311e+000
  1.2134583e+000
 -6.4044091e-001
  1.7991069e+000
 -1.4599437e+000
 -5.8915004e-001
  5.1046312e-001
  9.0565176e-001
  8.0068716e-001
  4.4593097e-001
 -9.5189810e-002
 -5.4401750e-001
  8.1718925e-001
 -2.9689553e-001
  7.4157497e-001
  1.5971835e+000
 -2.6893191e+000
  2.5178967e+000
 -6.1189626e-001
  1.8910212e+000
  2.1930561e+000
 -1.6868466e+000
  4.2728143e-001
  4.6524915e+000
 -7.5693019e-002
  8.2464126e-001
  6.2502963e-001
  1.8286497e+000
  1.6007909e+000
 -1.0157378e+000
 -3.6326235e-001
  6.4087494e-001
  1.2497950e-001
  3.4562339e+000
  7.6345027e-001
  7.6200168e-001
 -8.7601430e-001
 -1.4795175e+000
  1.2200948e+000
 -5.3389925e-002
  1.0338519e+000
 -8.6804804e-001
  1.3508738e+000
 -2.1294655e+000
  2.2124413e+000
  1.2873498e+000
  3.4149645e-001
 -1.2914619e+000
 -3.1064386e-001
  5.2664696e-001
  1.7514336e+000
 -1.1276082e+000
  1.8636461e+000
  3.7557184e+000
 -4.3628493e-001
  8.0214022e-001
 -6.4431314e-001
 -2.0054715e+000
  2.0889160e+000
  1.0916355e+000
 -4.5600216e-001
  3.4564873e-001
 -9.5192626e-002
 -1.6776298e+000
 -3.5024278e+000
  1.3902675e-001
 -3.9404827e-001
 -5.4071506e-001
 -8.8666603e-001
 -2.1342813e+000
 -4.7017511e-001
  4.0736814e-001
 -1.1639208e+000
  7.7866969e-001
 -1.5041547e-001
  6.9679527e-002
 -1.6357198e+000
 -7.8190170e-001
  7.2683121e-001
 -8.1468699e-001
  4.0762665e-001
  2.7406637e+000
  1.2215382e+000
  1.5325217e+000
  3.2318987e+000
  1.7098223e+000
  7.1090683e-001
  2.7064244e+000
 -9.6205214e-001
 -6.7624036e-001
  2.7925425e+000
  7.8361438e-001
  1.4591620e-001
  7.8852656e-001
 -1.3929929e-001
 -1.7506171e-001
 -2.9685121e-001
 -5.1161681e-001
 -1.0122405e+000
  1.2312362e-001
 -5.3819595e-001
  2.0520967e+000
  5.0253956e-001
  1.5119819e+000
  2.0384428e-002
  9.5245711e-002
  1.8162472e+000
  2.0863661e+000
  2.4231330e-001
  2.3740275e+000
  8.1108440e-001
  6.7338564e-001
  3.0156759e+000
  2.1726232e+000
  1.3653968e+000
  7.1671179e-001
 -4.9156420e-001
  5.2003026e-002
  2.5404014e+000
 -2.3966723e+000
 -6.1821236e-001
 -4.2522133e-002
  3.9046274e-001
 -2.0914354e+000
  8.7959957e-001
  1.1373575e+000
 -1.0076252e+000
 -1.3306012e-001
 -1.3588266e+000
  2.2867718e+000
  6.7978538e-001
 -1.2227635e-001
 -9.8876963e-001
  3.2673149e-001
  2.3634966e+000
  5.5357710e-001
  6.5380842e-001
 -1.3419103e+000
  4.1339615e-001
  1.1969978e+000
 -1.5744859e+000
  1.6493006e+000
  3.3669145e+000
 -1.8011809e+000
 -2.4546572e+000
  1.0674533e-001
  1.1750963e+000
  9.5100502e-002
 -3.5626276e-003
  2.0834688e-001
 -1.1675135e+000
 -1.9116471e+000
  2.2315375e+000
  5.7586967e-001
 -1.3255108e+000
  1.5820658e+000
 -1.4665040e+000
  4.3583308e-002
  1.1515383e+000
 -8.7992134e-001
 -2.4890338e-001
  2.3806294e-001
  2.7078691e+000
  7.8962640e-001
 -3.1292546e-001
 -8.9511816e-002
 -1.6002996e-001
  1.8785181e+000
 -1.6528647e-001
 -8.1697054e-001
  5.0908056e-001
  7.8425033e-002
  1.2189284e+000
  1.4324224e+000
  1.5964089e+000
  1.0313033e+000
  1.0125254e+000
  2.6448027e+000
 -1.2900798e+000
 -2.4612683e-001
 -1.9773500e+000
  1.3809728e+000
  2.2765735e-001
 -1.8450962e-001
 -2.0106849e+000
  4.3562250e-001
 -1.3363218e-001
 -1.5402579e+000
 -1.2867612e+000
 -7.7878920e-001
 -1.2151564e-001
 -1.9178745e+000
 -3.3771181e-002
  9.9086457e-001
 -2.8384686e-001
 -6.9664254e-001
  5.9065233e-001
  1.6143628e+000
 -3.7367833e-001
 -3.9950274e-001
 -1.6443450e+000
 -1.0558991e+000
  9.7828570e-001
  5.4008120e-002
  1.1820971e+000
  1.0604989e+000
  6.8270289e-001
  1.1847834e+000
  2.1569350e+000
  9.4094409e-001
  7.4717225e-001
  1.4485417e-001
 -1.3957157e+000
 -4.4862217e-001
  6.1856359e-001
 -1.2276492e+000
  8.0139365e-001
  6.1440374e-001
  3.2847986e-001
  5.8719973e-001
  2.3060202e-001
  1.7167018e-001
  1.8875024e-001
  1.3939067e+000
  8.3837592e-002
 -3.1926132e+000
 -4.2447097e-001
  4.5172754e-001
  1.4327855e+000
  1.9730588e+000
 -1.0093319e+000
  1.1773528e+000
  5.0561435e-001
 -6.7660555e-002
  2.3177808e-001
  1.6391632e-001
  3.8029456e-001
  5.0518498e-001
 -6.6261996e-001
 -1.1423268e+000
  1.4405497e+000
 -8.2282362e-002
  2.0170042e+000
 -9.8713925e-001
 -5.6318770e-001
  2.0256614e+000
  2.0081048e+000
 -1.1217754e+000
  4.6526976e-001
  1.9226887e+000
  1.9119054e+000
 -1.4504771e+000
  2.2788415e+000
  1.0498968e+000
  4.9203179e-001
 -8.9757786e-002
 -1.0408410e+000
  3.2205265e-001
 -1.2977887e-001
  3.1674175e+000
  4.4413613e-001
 -2.2741463e-002
  1.8197965e-001
 -5.8707661e-001
  2.8612752e+000
  1.0182723e+000
  2.9620300e-001
  1.6428628e+000
  1.5744639e-001
  7.4440799e-002
 -5.1499120e-001
 -5.9062279e-001
  2.2610859e+000
  1.1871503e+000
  3.1166807e-001
  2.3892890e+000
  2.3035824e-001
  5.7256675e-001
 -1.6238936e+000
  8.1049994e-001
 -1.6591150e+000
 -1.0694686e+000
  1.4195001e+000
  6.5115536e-001
 -9.2046597e-001
 -3.1140361e-001
  5.2939786e-001
  4.8262781e-001
 -1.9983852e+000
 -1.3488207e+000
 -2.0773488e+000
  1.0688280e-001
 -2.0108121e+000
  1.1015828e+000
 -1.0915470e+000
 -1.2212310e+000
  2.5000158e+000
  2.9776327e+000
 -8.5238103e-001
  1.5240894e-001
  2.7215243e+000
 -4.9398472e-001
  2.4061736e+000
  1.2530628e+000
  2.7131780e-001
 -2.5359771e-001
  2.3748896e+000
  1.1133608e+000
 -6.1279999e-001
  7.0446618e-001
 -9.2776205e-001
  3.9132387e-001
  2.1677330e+000
  8.8317082e-001
 -7.7581008e-001
  6.4699372e-001
 -6.9634380e-001
  2.7938568e+000
 -2.1040488e+000
 -6.4715279e-001
  1.1909498e+000
 -8.5374722e-001
  2.2297779e-001
  1.0407657e+000
  1.8155433e+000
 -9.9085581e-001
 -1.8211813e-002
 -4.0587428e-001
  5.3264426e-002
  6.7461451e-001
 -5.9462571e-001
  1.2277665e+000
  7.4810100e-001
 -4.0671984e-001
  5.5446648e-001
  1.4642626e+000
  1.4756696e+000
  1.0583302e+000
  1.1650801e-001
 -5.9653112e-001
  4.8786714e-001
 -3.9876278e-001
 -2.2657332e-001
  1.3879461e+000
  2.0587379e+000
  9.6536020e-001
  2.8374738e+000
 -1.7643576e+000
  2.2914272e-001
  3.2239555e-001
  2.2738966e+000
  8.4389705e-001
 -2.1598028e-001
  9.1190413e-001
  1.0252336e+000
  4.3458621e-001
 -2.4043406e+000
  1.5141713e+000
 -4.2849667e+000
  3.4064198e-001
 -1.7927214e+000
 -2.5614823e-001
  1.9964796e+000
 -4.5957052e-001
  2.6626618e+000
  1.1998865e+000
 -1.1657732e-001
 -9.6060742e-001
 -4.3699798e-001
  6.8104726e-001
 -2.8450036e+000
  9.9006145e-001
  5.5897927e-001
  1.2518513e+000
  2.8300698e+000
 -2.1585715e-001
 -1.0595294e+000
  1.7152675e+000
  1.3491124e+000
  1.6402290e-002
 -5.6232670e-001
  5.1973993e-001
 -1.2512317e+000
  2.8490007e-001
 -6.1942898e-001
 -8.5241973e-001
  1.4433588e+000
  2.3898401e-001
  1.9355149e+000
 -1.1954730e+000
  5.0862603e-001
 -1.1438442e+000
  9.9475720e-001
  1.8763468e+000
  1.5146981e+000
 -2.5172580e+000
  1.0756966e+000
  2.1118727e-001
  6.2938186e-001
 -5.0316443e-001
 -1.9207278e+000
  1.3468137e+000
 -4.5132465e-001
 -2.2362440e-001
  4.1625437e-001
  3.4585016e+000
  3.1462168e+000
 -1.4938506e+000
 -4.0903709e-001
  1.4683151e+000
 -2.4628507e+000
  1.7979805e+000
 -2.0493257e-001
  1.9974257e+000
 -9.3022812e-001
 -9.8493732e-001
  3.1729044e+000
  9.5531664e-001
 -1.9790373e-001
 -1.1268665e+000
  1.6172797e+000
  6.3944688e-001
 -2.7081519e+000
 -9.6029164e-001
  4.0150713e+000
  1.8488592e-001
 -2.3684544e+000
 -9.4067632e-001
 -3.3937440e-001
  1.0922021e+000
 -9.0596221e-003
  3.3047756e-001
  1.7706039e-001
 -1.0335625e+000
  1.7064961e+000
 -2.6920126e-001
 -3.9526175e-001
  4.5046864e-001
  1.1400566e-001
 -4.6991759e-001
  3.6326260e-001
  2.9142214e+000
  8.9528816e-001
 -6.4147227e-001
 -9.1692987e-001
 -1.0686990e-001
 -1.8243924e+000
  2.5452199e+000
  4.6238633e-001
 -1.2944090e+000
  3.5492612e-001
 -1.6542329e+000
  9.4803704e-001
 -3.3096613e-002
  2.5396254e-001
  6.6479440e-001
  1.2966163e+000
 -8.4017099e-001
 -1.6844607e+000
  6.6542867e-002
 -8.5705139e-001
  7.4589851e-001
 -2.1823852e+000
  1.3028597e+000
  5.9356977e-001
 -1.2278269e+000
 -2.0750309e-001
  1.2762541e+000
  3.3168511e+000
 -2.5098255e-001
  1.9751621e+000
 -9.0553196e-001
  4.6575563e-001
 -6.6535028e-002
  6.3706808e-001
 -4.3983664e-001
 -1.6258145e+000
 -1.4781570e-001
  7.6475749e-001
 -4.5015345e-001
 -3.6799592e-002
  7.1637708e-001
  8.9265122e-001
 -7.4231755e-001
 -1.4473006e-001
