  1.6241197e+000
  1.5161521e+000
  1.1804207e+000
  1.7595744e+000
  1.3266727e+000
  1.3102858e+000
  1.1652810e+000
  1.4280735e+000
  1.4294576e+000
  1.3854567e+000
  1.2820825e+000
  1.1178898e+000
  2.0524973e+000
  1.7501681e+000
  1.3782017e+000
  1.4270241e+000
  1.5217802e+000
  1.4475725e+000
  1.3359280e+000
  1.6368070e+000
  1.2223366e+000
  1.8414476e+000
  1.0973541e+000
  1.3853331e+000
  1.6245184e+000
  1.4735831e+000
  1.1493890e+000
  1.6343670e+000
  1.4826490e+000
  1.2870658e+000
  1.5307420e+000
  1.6012315e+000
  1.8868879e+000
  1.4312435e+000
  1.3911588e+000
  1.3490389e+000
  1.0646002e+000
  1.5542761e+000
  1.0391178e+000
  1.3960325e+000
  1.3949936e+000
  1.6190290e+000
  8.9576371e-001
  1.6336150e+000
  1.3461491e+000
  1.1913976e+000
  1.4482564e+000
  1.4966705e+000
  1.3651609e+000
  1.1561103e+000
  1.6912841e+000
  1.4894684e+000
  1.3086249e+000
  1.6932735e+000
  1.5234341e+000
  1.1964969e+000
  1.5742100e+000
  1.0909091e+000
  1.2384321e+000
  1.4803089e+000
  1.5322528e+000
  1.4640996e+000
  1.0633947e+000
  1.6137444e+000
  1.7023514e+000
  1.6834686e+000
  1.3359340e+000
  1.3712205e+000
  1.2465132e+000
  1.5000412e+000
  1.5004250e+000
  1.2957042e+000
  1.6339091e+000
  1.6204315e+000
  1.5814252e+000
  1.2993071e+000
  1.1822996e+000
  1.5804450e+000
  1.7394433e+000
  1.1919748e+000
  1.0083622e+000
  1.7372216e+000
  1.4376656e+000
  1.6855613e+000
  1.6471027e+000
  1.2062843e+000
  1.3636243e+000
  1.2830117e+000
  1.4859360e+000
  1.6832605e+000
  1.4611972e+000
  1.0299916e+000
  1.6970594e+000
  1.4505343e+000
  1.3580926e+000
  1.0293647e+000
  1.5247843e+000
  1.4990361e+000
  1.5177158e+000
  1.2343870e+000
  1.3039675e+000
  1.2667345e+000
  1.8075106e+000
  1.2859193e+000
  1.4106577e+000
  1.2719713e+000
  1.6321497e+000
  1.4475470e+000
  1.4645629e+000
  1.6378833e+000
  1.5850475e+000
  1.6071937e+000
  1.0234519e+000
  1.4939859e+000
  1.6432571e+000
  1.5199988e+000
  1.6303631e+000
  1.8742377e+000
  1.6997173e+000
  1.2253628e+000
  1.2839830e+000
  1.4256443e+000
  1.3214818e+000
  1.4342100e+000
  1.6956226e+000
  1.3437268e+000
  1.3927790e+000
  1.4044789e+000
  1.5849046e+000
  1.6573680e+000
  1.4201075e+000
  1.3865837e+000
  1.6367189e+000
  1.5946568e+000
  1.5476370e+000
  2.1032397e+000
  1.4563402e+000
  1.5182550e+000
  1.4332938e+000
  1.5732842e+000
  1.3450002e+000
  1.6515413e+000
  1.8158204e+000
  1.4670576e+000
  1.4363351e+000
  1.3373069e+000
  1.3552852e+000
  1.1092931e+000
  1.4392560e+000
  1.2737312e+000
  1.7011783e+000
  1.4811683e+000
  1.4609865e+000
  1.7297105e+000
  1.0948703e+000
  1.5159308e+000
  1.2384194e+000
  1.3213262e+000
  1.5016882e+000
  1.6283389e+000
  1.2826755e+000
  1.5606296e+000
  1.7416819e+000
  1.2789836e+000
  1.2515755e+000
  1.4476601e+000
  1.5753821e+000
  1.4502998e+000
  1.2867347e+000
  1.4730295e+000
  1.4914137e+000
  1.3610876e+000
  1.2259021e+000
  1.5370716e+000
  1.4534177e+000
  1.3774029e+000
  1.3237525e+000
  1.3499350e+000
  1.2765614e+000
  1.2419814e+000
  1.7030863e+000
  1.4017084e+000
  1.1041937e+000
  1.3523518e+000
  1.6620769e+000
  1.3423692e+000
  1.8054675e+000
  1.2940962e+000
  1.2994056e+000
  1.2433733e+000
  1.6827677e+000
  1.3339788e+000
  1.5334605e+000
  1.1203750e+000
  1.3354649e+000
  1.5818464e+000
  1.1939197e+000
  1.4600248e+000
  1.5596806e+000
  1.8056893e+000
  1.5782174e+000
  1.6393407e+000
  1.3791490e+000
  1.3342366e+000
  1.4612947e+000
  1.2713355e+000
  1.6744156e+000
  1.6051658e+000
  1.6424991e+000
  1.7021568e+000
  1.4284163e+000
  1.3345685e+000
  1.5551265e+000
  1.6803919e+000
  1.6216758e+000
  1.6391152e+000
  1.7512261e+000
  1.5090676e+000
  1.6908194e+000
  1.4476308e+000
  1.6079001e+000
  1.1692836e+000
  1.7584212e+000
  1.0950186e+000
  1.4911313e+000
  1.3807580e+000
  1.2182034e+000
  1.5171653e+000
  1.5164486e+000
  1.7322419e+000
  1.4773726e+000
  1.5655256e+000
  1.4986176e+000
  1.7435342e+000
  1.6761108e+000
  1.4521306e+000
  1.4748667e+000
  1.8058862e+000
  1.4021055e+000
  1.6215985e+000
  1.2743290e+000
  1.2976108e+000
  1.6225565e+000
  1.5796610e+000
  1.6616185e+000
  1.3233617e+000
  1.6535979e+000
  1.4843851e+000
  1.4405052e+000
  1.7878291e+000
  1.7374089e+000
  9.9978434e-001
  1.5212978e+000
  1.2799517e+000
  1.3900898e+000
  1.3231503e+000
  1.7748955e+000
  1.6982140e+000
  1.5610561e+000
  1.5906835e+000
  1.5416327e+000
  1.5867968e+000
  1.5002579e+000
  1.4142992e+000
  1.5515452e+000
  1.3880202e+000
  1.3711260e+000
  1.3960523e+000
  1.4323740e+000
  1.4516059e+000
  1.9563591e+000
  1.2053514e+000
  1.2356499e+000
  1.4992117e+000
  1.4398777e+000
  1.3039699e+000
  1.5153974e+000
  1.6005982e+000
  1.2192557e+000
  1.3684266e+000
  1.1924187e+000
  1.4667155e+000
  1.4827599e+000
  1.5865149e+000
  1.2327265e+000
  1.5094985e+000
  1.4213383e+000
  1.7283907e+000
  1.5113495e+000
  1.3425632e+000
  1.4042136e+000
  1.3427559e+000
  1.7378043e+000
  1.3477801e+000
  1.1286329e+000
  1.4097514e+000
  1.6787007e+000
  1.5826582e+000
  1.4828169e+000
  1.8070811e+000
  1.3324577e+000
  1.5018073e+000
  1.2756333e+000
  1.2924167e+000
  1.3811321e+000
  1.5795234e+000
  1.8608253e+000
  1.6097883e+000
  1.2357845e+000
  1.4089689e+000
  1.3391114e+000
  1.3914114e+000
  1.6860464e+000
  1.5254790e+000
  1.6483149e+000
  1.5706904e+000
  1.2914228e+000
  1.6361636e+000
  1.1799223e+000
  1.6099579e+000
  1.5699275e+000
  1.6700858e+000
  1.1660516e+000
  1.4092728e+000
  1.4535826e+000
  1.4700703e+000
  1.6252713e+000
  1.5901388e+000
  1.5804032e+000
  1.4857061e+000
  1.7852021e+000
  1.3849805e+000
  1.4702296e+000
  1.3346616e+000
  1.4376944e+000
  1.5951176e+000
  1.2045316e+000
  1.4881861e+000
  1.3030363e+000
  1.6076769e+000
  1.0569236e+000
  1.0588952e+000
  1.7748587e+000
  1.4201160e+000
  1.0563464e+000
  1.1127725e+000
  1.4326157e+000
  1.5114772e+000
  1.5175091e+000
  1.6633984e+000
  1.5165883e+000
  1.4353033e+000
  1.6595514e+000
  1.8617726e+000
  1.4553387e+000
  1.4018951e+000
  1.6576950e+000
  1.3485549e+000
  1.1533841e+000
  1.4287024e+000
  1.4990528e+000
  1.4791586e+000
  1.2263829e+000
  1.3306118e+000
  1.3141024e+000
  1.6410109e+000
  1.4238399e+000
  1.5798808e+000
  1.5697030e+000
  1.4114999e+000
  1.0538402e+000
  1.5225877e+000
  1.5907899e+000
  1.2994806e+000
  1.4466165e+000
  1.3616672e+000
  1.7902670e+000
  1.4438862e+000
  1.4907836e+000
  1.2404380e+000
  1.3029259e+000
  1.1786875e+000
  1.5957171e+000
  1.5714374e+000
  1.2843429e+000
  2.0275289e+000
  1.6338271e+000
  1.5311578e+000
  1.8332368e+000
  9.5886248e-001
  1.4317873e+000
  1.4450640e+000
  1.4899872e+000
  1.2423371e+000
  1.5558734e+000
  1.0065762e+000
  1.4714833e+000
  1.5377819e+000
  1.4418013e+000
  1.5228618e+000
  1.2972605e+000
  1.5599048e+000
  1.3750725e+000
  1.1181682e+000
  1.3879543e+000
  1.3260114e+000
  1.2450818e+000
  1.5509997e+000
  1.4580946e+000
  1.3990540e+000
  1.3404528e+000
  1.7853188e+000
  1.6846006e+000
  1.4121877e+000
  1.4673145e+000
  1.7525120e+000
  1.8086541e+000
  1.6705241e+000
  1.3848305e+000
  1.3334370e+000
  1.6003174e+000
  1.2772531e+000
  1.2358249e+000
  1.3789526e+000
  1.6411759e+000
  1.4818563e+000
  1.4989884e+000
  1.6749499e+000
  1.4969256e+000
  1.2222875e+000
  1.6184187e+000
  1.5452684e+000
  1.4323221e+000
  1.3673929e+000
  1.3410833e+000
  1.4451987e+000
  1.2898973e+000
  1.3475619e+000
  1.1526649e+000
  1.3462716e+000
  1.3113542e+000
  1.5655304e+000
  1.7409934e+000
  1.6570970e+000
  1.6593647e+000
  1.5852421e+000
  1.5593189e+000
  1.5999977e+000
  1.3040322e+000
  1.6166405e+000
  1.2102899e+000
  1.5737547e+000
  1.2835175e+000
  1.2559010e+000
  1.3592978e+000
  1.1894585e+000
  1.4531950e+000
  1.6721318e+000
  1.4001252e+000
  1.5491403e+000
  1.4824075e+000
  1.6923642e+000
  1.4183369e+000
  1.5085942e+000
  1.9435429e+000
  1.6792468e+000
  1.2632314e+000
  1.6739584e+000
  1.2651547e+000
  1.4519814e+000
  1.5078734e+000
  1.6240006e+000
  1.3705476e+000
  1.5575716e+000
  1.8039473e+000
  1.0689030e+000
  1.2346504e+000
  1.6889882e+000
  1.3912103e+000
  1.4423644e+000
  1.6347869e+000
  1.8946122e+000
  1.1896209e+000
  1.2682018e+000
  1.4345000e+000
  1.4501021e+000
  1.4713711e+000
  1.3875071e+000
  1.6939293e+000
  1.2680877e+000
  1.4907953e+000
  1.6479495e+000
  1.5250399e+000
  1.3255748e+000
  1.4741110e+000
  1.3865208e+000
  1.3300632e+000
  1.7206308e+000
  1.4104665e+000
  1.3343996e+000
  1.2988061e+000
  1.4742398e+000
  1.1508317e+000
  1.1207682e+000
  1.4885795e+000
  1.1920461e+000
  1.3700302e+000
  1.6050806e+000
  1.6344300e+000
  1.7589072e+000
  1.2480875e+000
  1.6213413e+000
  1.5150573e+000
  1.7004878e+000
  1.4940317e+000
  1.6130393e+000
  1.6778844e+000
  1.3676578e+000
  1.3577870e+000
  1.1841903e+000
  1.4325000e+000
  1.5210892e+000
  1.3013723e+000
  1.4644061e+000
  1.3787193e+000
  1.3636616e+000
  1.6058656e+000
  1.6132649e+000
  1.6796608e+000
  1.2330080e+000
  1.4227755e+000
  1.5810183e+000
  1.1913078e+000
  1.8353480e+000
  1.4966503e+000
  1.3409955e+000
  1.6565625e+000
  1.5254273e+000
  1.4718511e+000
  1.3139623e+000
  1.0969215e+000
  1.2572865e+000
  1.3208735e+000
  1.5405056e+000
  1.5728996e+000
  1.2929399e+000
  1.6156352e+000
  1.5834834e+000
  1.4248998e+000
  1.2597542e+000
  1.6284080e+000
  1.4240557e+000
  1.2473030e+000
  1.5004574e+000
  1.5547171e+000
  1.1576741e+000
  1.8232811e+000
  1.0201896e+000
  1.1229527e+000
  1.6948038e+000
  1.5150348e+000
  1.3642174e+000
  1.4523192e+000
  1.5962637e+000
  1.2763954e+000
  1.6356319e+000
  1.5894634e+000
  1.4409699e+000
  1.4882422e+000
  1.3242474e+000
  1.2786774e+000
  1.3722575e+000
  1.6557017e+000
  1.4020559e+000
  1.3596754e+000
  1.2541466e+000
  1.2233105e+000
  1.4544242e+000
  1.6580479e+000
  1.6962968e+000
  1.5620359e+000
  1.3881923e+000
  1.3764792e+000
  1.5231267e+000
  1.6374877e+000
  1.6448487e+000
  1.0262152e+000
  1.4407071e+000
  1.2566438e+000
  1.3557502e+000
  1.7970455e+000
  1.2944940e+000
  1.1132405e+000
  1.4854054e+000
  1.4251045e+000
  1.3668890e+000
  1.6258917e+000
  1.5632256e+000
  1.5251834e+000
  1.3946092e+000
  1.5200197e+000
  1.3917386e+000
  1.4872156e+000
  1.5653199e+000
  1.5179315e+000
  1.3154346e+000
  1.3425973e+000
  1.2419684e+000
  1.6494569e+000
  1.4447892e+000
  1.3186002e+000
  1.5855491e+000
  1.3478332e+000
  1.5392009e+000
  1.7533269e+000
  1.6375513e+000
  1.4179675e+000
  1.4272324e+000
  1.8374252e+000
  1.4158402e+000
  1.5102337e+000
  1.5151977e+000
  1.6349673e+000
  1.4930582e+000
  1.5232499e+000
  1.5144302e+000
  1.9878007e+000
  1.6252138e+000
  1.2747020e+000
  1.2065106e+000
  1.1270321e+000
  1.8180161e+000
  1.2862148e+000
  1.6484271e+000
  1.5567636e+000
  1.1446546e+000
  1.8545718e+000
  1.5604592e+000
  1.8140285e+000
  1.5185289e+000
  1.4859123e+000
  1.2461363e+000
  1.4575199e+000
  1.4774247e+000
  1.1457895e+000
  1.4462163e+000
  1.4826493e+000
  1.3057699e+000
  1.5321207e+000
  1.2074738e+000
  1.3352511e+000
  1.4710784e+000
  1.3289808e+000
  1.5343589e+000
  1.3774382e+000
  1.2751770e+000
  1.6363188e+000
  1.5700084e+000
  1.5642721e+000
  1.5870220e+000
  1.6518841e+000
  1.6481741e+000
  1.4567381e+000
  1.3599460e+000
  1.4278687e+000
  1.6975717e+000
  1.2104280e+000
  1.3371212e+000
  1.6586617e+000
  1.6192003e+000
  1.3508928e+000
  1.4086365e+000
  1.4188408e+000
  1.3949204e+000
  9.6135017e-001
  1.3645354e+000
  1.5118121e+000
  1.9403150e+000
  1.1574744e+000
  1.3228917e+000
  1.3729054e+000
  1.2615445e+000
  1.3152454e+000
  1.0651512e+000
  1.4275165e+000
  1.3462981e+000
  1.5569965e+000
  1.4614816e+000
  1.6631634e+000
  1.7741473e+000
  1.4743707e+000
  1.2023918e+000
  1.4988251e+000
  1.7296516e+000
  1.4309053e+000
  1.5275245e+000
  1.2567371e+000
  1.7518373e+000
  1.5307661e+000
  1.3655717e+000
  1.1151952e+000
  1.3124740e+000
  1.2445629e+000
  1.3514885e+000
  1.5193617e+000
  1.6158705e+000
  1.4811265e+000
  1.4667428e+000
  1.5249234e+000
  1.9806404e+000
  1.5165428e+000
  1.4781542e+000
  1.7655670e+000
  1.4679095e+000
  1.3154033e+000
  1.6363787e+000
  1.3784219e+000
  1.4904203e+000
  1.6252501e+000
  1.6115897e+000
  1.1293332e+000
  9.7758963e-001
  1.3096600e+000
  1.7803807e+000
  1.4970146e+000
  1.4196494e+000
  1.4188223e+000
  1.6576329e+000
  1.5160968e+000
  1.5451613e+000
  1.0318996e+000
  1.4151930e+000
  1.4538376e+000
  1.2779945e+000
  1.4454101e+000
  1.3295365e+000
  1.6239804e+000
  1.3358375e+000
  1.7109359e+000
  1.4414712e+000
  1.6291062e+000
  1.9069712e+000
  1.4633655e+000
  1.7489179e+000
  1.2355072e+000
  1.8146689e+000
  1.2083142e+000
  1.4369217e+000
  1.3846327e+000
  1.2201699e+000
  1.1883917e+000
  1.5792766e+000
  1.1721593e+000
  1.1818635e+000
  1.6757744e+000
  1.4503392e+000
  1.5259368e+000
  1.2697337e+000
  1.4106411e+000
  1.5113883e+000
  1.4834913e+000
  1.8076158e+000
  1.3251835e+000
  1.4200078e+000
  1.6164430e+000
  1.6396182e+000
  1.0552525e+000
  1.3716243e+000
  1.3146578e+000
  1.4467958e+000
  1.5530350e+000
  1.5389659e+000
  1.6781797e+000
  1.5395362e+000
  1.5130880e+000
  1.6391183e+000
  1.5357326e+000
  1.1850786e+000
  1.4719643e+000
  1.1190556e+000
  1.6721344e+000
  1.0284277e+000
  1.3400326e+000
  1.4688521e+000
  1.4423560e+000
  1.8265855e+000
  1.4610921e+000
  1.3272220e+000
  1.5674033e+000
  1.2086582e+000
  1.5590661e+000
  1.5001861e+000
  1.3714505e+000
  1.3255916e+000
  1.2119047e+000
  1.0743067e+000
  1.3651983e+000
  1.6054484e+000
  1.3072148e+000
  1.7669279e+000
  1.2723377e+000
  1.8781659e+000
  1.3115644e+000
  1.4698595e+000
  1.7369957e+000
  1.6966802e+000
  1.2984711e+000
  1.5977156e+000
  1.2271278e+000
  1.1088262e+000
  1.5822325e+000
  1.1040716e+000
  1.0223853e+000
  1.4379905e+000
  1.7271381e+000
  1.6935632e+000
  1.1509898e+000
  1.4574566e+000
  1.6105742e+000
  1.6447707e+000
  1.7621468e+000
  1.7672499e+000
  1.6212596e+000
  1.1651034e+000
  1.4579405e+000
  1.1740177e+000
  1.6966142e+000
  1.7984153e+000
  1.0497010e+000
  1.6170994e+000
  1.3814363e+000
  1.3544076e+000
  1.2721797e+000
  1.7026858e+000
  1.5266402e+000
  1.4262265e+000
  1.5334494e+000
  1.6526444e+000
  1.2760965e+000
  1.2910639e+000
  1.5877005e+000
  1.7671346e+000
  1.7000358e+000
  1.4268793e+000
  1.1836461e+000
  9.8143888e-001
  1.2646873e+000
  1.6759135e+000
  1.3401745e+000
  1.5067463e+000
  1.4925559e+000
  1.0094474e+000
  1.7002146e+000
  1.8549410e+000
  1.4422207e+000
  1.6497167e+000
  1.2985333e+000
  1.5692290e+000
  1.8746434e+000
  1.7123451e+000
  1.3100117e+000
  1.2460773e+000
  1.4606230e+000
  1.4025962e+000
  1.4374528e+000
  1.7042218e+000
  1.4942277e+000
  1.7828046e+000
  1.4414080e+000
  1.4233529e+000
  1.6086400e+000
  1.5352545e+000
  1.4080196e+000
  1.1323682e+000
  1.2267239e+000
  1.5733710e+000
  1.5586929e+000
  1.1564208e+000
  1.4739817e+000
  1.5558711e+000
  1.2149511e+000
  1.2503570e+000
  1.6888085e+000
  1.0992605e+000
  1.5393059e+000
  1.6456120e+000
  1.0917485e+000
  1.4239622e+000
  1.2149525e+000
  1.4679924e+000
  1.3655668e+000
  1.1198133e+000
  1.5735937e+000
  1.5692321e+000
  1.3263125e+000
  1.5555751e+000
  1.1811364e+000
  1.2030469e+000
  1.2193120e+000
  1.4281344e+000
  1.3451610e+000
  1.8322597e+000
  1.4357788e+000
  1.5623671e+000
  1.5648143e+000
  1.5243467e+000
  1.4883388e+000
  1.6988170e+000
  1.2171680e+000
  1.7770539e+000
  1.5872659e+000
  1.2201027e+000
  1.6720315e+000
  1.6865128e+000
  1.7914656e+000
  1.3659369e+000
  1.7778755e+000
  1.5026937e+000
  1.1573034e+000
  1.2947658e+000
  1.6358976e+000
  1.8085915e+000
  1.2133696e+000
  1.4277648e+000
  1.3186468e+000
  1.8259468e+000
  1.2707838e+000
  1.7163011e+000
  1.3250854e+000
  1.6053358e+000
  1.1851493e+000
  1.7500553e+000
  1.0094194e+000
  1.5145029e+000
  1.5342009e+000
  1.2858598e+000
  1.2567082e+000
  1.5718696e+000
  1.2427577e+000
  1.4443525e+000
  8.8604664e-001
  1.0337901e+000
  1.4410494e+000
  1.6735910e+000
  1.1200993e+000
  1.5857334e+000
  1.5488646e+000
  1.3323063e+000
  1.4452151e+000
  1.8882626e+000
  1.1698838e+000
  1.5460199e+000
  1.4915101e+000
  1.5144170e+000
  1.4488239e+000
  1.5062778e+000
  1.3997322e+000
  1.1113081e+000
  1.3331968e+000
  1.4968885e+000
  1.5017572e+000
  1.5707313e+000
  1.8941931e+000
  1.1191739e+000
  1.5860821e+000
  1.4771659e+000
  1.4424025e+000
  1.3113726e+000
  1.4244950e+000
  1.5860724e+000
  1.5352429e+000
  1.1288661e+000
  1.6312422e+000
  1.4999028e+000
  1.8288456e+000
  1.2275243e+000
  1.3055916e+000
  1.0995626e+000
  1.4507225e+000
  1.6490289e+000
  1.3542061e+000
  1.3461797e+000
  1.3910681e+000
  1.4178900e+000
  1.6547032e+000
  1.4531789e+000
  1.3534686e+000
  1.5769349e+000
  1.1771124e+000
  1.5697250e+000
  1.4087004e+000
  1.8778733e+000
  1.3202372e+000
  1.5347184e+000
  1.4735731e+000
  1.2338443e+000
  1.6251053e+000
  1.0047437e+000
  1.0607777e+000
  1.1880811e+000
